6/1/2013,0:00:01,66,58,13,20,4
6/2/2013,1:00:01,69,68,3,20,17
6/3/2013,2:00:01,70,73,17,20,18
6/4/2013,3:00:01,67,63,2,23,15
6/5/2013,4:00:01,68,74,16,9,3
6/6/2013,5:01:01,67,56,13,28,4
6/7/2013,6:00:01,70,58,12,24,2
6/8/2013,7:00:01,70,73,20,26,16
6/9/2013,8:00:01,66,69,16,9,9
6/10/2013,9:00:01,65,57,6,5,12
6/11/2013,10:01:01,67,70,10,17,15
6/12/2013,11:00:01,69,62,2,11,7
6/13/2013,12:01:01,69,73,14,2,15
6/14/2013,13:00:01,65,61,3,2,6
6/15/2013,14:00:01,67,59,19,22,20
6/16/2013,15:00:01,65,56,19,11,8
6/17/2013,16:00:01,67,57,15,7,6
